2496
4382
4799
4511
2522
866
190
948
2495
4297
4899
4383
2626
857
190
939
2677
4125
4949
4425
2652
875
208
866
2703
4211
5049
4297
2730
948
210
875
2521
4425
5099
4082
2652
875
194
884
2625
4254
4799
4426
2600
875
202
893
2729
4082
4899
4383
2574
866
208
893
2703
4468
5149
4511
2652
912
196
911
2469
4254
4749
4426
2600
857
200
884
2521
4511
4999
4383
2522
939
204
875
2625
4253
4999
4211
2600
912
200
902
2729
4468
4799
4297
2496
857
194
884
2729
4253
5249
4297
2600
912
208
902
2469
4339
5249
4254
2730
930
198
920
2469
4296
5249
4512
2522
903
204
902
2495
